96 104 113 130 133 132 136 139 127 130  
107 98 114 119 123 115 123 117 140 125  
110 124 111 117 126 113 114 128 128 122  
87 106 111 129 115 134 125 121 134 118  
95 93 120 117 120 119 107 124 112 128  
78 93 111 119 111 112 128 124 141 121  
79 82 91 116 124 112 126 123 129 125  
70 81 98 117 116 137 124 119 146 135  
72 67 93 123 131 127 137 129 126 139  
77 88 87 117 117 122 119 122 124 122  
 
 
99 102 115 131 134 134 138 141 128 132  
112 98 115 117 120 112 121 115 137 123  
114 121 112 121 130 116 118 132 131 125  
90 104 113 126 114 132 123 120 132 116  
98 91 122 117 120 120 108 124 112 128  
80 92 112 120 116 114 131 125 143 123  
82 80 90 114 121 109 125 120 125 123  
67 79 96 119 118 140 127 122 149 138  
69 66 90 120 128 124 136 127 124 137  
74 84 83 114 115 121 117 121 123 120  
 
 
106 103 115 132 136 135 140 141 130 134  
122 102 119 115 117 111 118 113 137 124  
127 125 117 122 133 119 120 136 135 131  
100 109 117 127 114 132 126 121 135 119  
113 96 130 123 124 126 112 130 117 132  
92 96 118 122 116 118 134 129 145 123  
91 82 92 109 115 106 121 118 121 118  
64 73 91 115 117 140 128 123 151 138  
62 57 78 110 120 119 133 124 122 133  
63 69 69 106 111 121 119 124 127 125  
 
 
100 112 111 127 129 129 134 135 124 128  
116 109 115 125 125 119 127 124 147 134  
123 138 112 114 125 110 113 128 127 124  
97 122 115 133 118 136 129 124 138 122  
111 107 126 127 126 127 112 130 117 132  
90 108 114 119 112 113 127 123 137 120  
91 90 91 120 128 115 131 125 129 127  
72 81 97 111 112 132 121 115 141 130  
68 63 87 118 127 125 136 129 125 137  
69 78 76 110 117 126 121 127 128 127  
 
 
110 110 116 132 137 137 142 144 126 114  
124 106 116 125 128 121 131 125 141 105  
128 130 112 128 142 126 130 151 136 109  
101 112 112 120 110 132 125 122 127 94  
113 100 123 133 136 138 124 146 129 124  
96 102 112 116 109 111 127 124 142 111  
96 84 88 111 118 107 121 118 121 118  
65 74 98 112 109 130 118 115 143 117  
65 68 80 101 107 106 115 108 106 115  
69 76 74 113 111 119 116 121 124 126  
 
 
106 111 124 141 145 146 148 150 138 142  
118 105 123 126 131 124 132 127 151 137  
121 130 117 125 140 123 125 142 141 137  
94 112 120 139 125 150 137 98 127 132  
107 99 129 123 129 133 83 4 5 135  
87 100 117 120 117 121 34 5 7 63  
88 82 89 108 119 98 22 6 6 29  
67 76 88 103 104 11 25 2 3 7  
67 62 82 104 111 55 3 1 0 2  
70 77 75 97 99 87 1 0 0 1  
 
 
109 113 114 133 136 136 140 141 129 134  
121 107 114 130 133 125 135 128 155 139  
124 132 111 131 145 128 131 148 147 143  
97 114 110 126 116 137 129 111 125 121  
108 100 120 137 143 148 114 4 4 156  
89 100 108 113 107 113 59 4 5 73  
90 84 82 110 121 102 34 5 5 42  
62 71 95 103 105 27 27 3 2 7  
62 65 76 97 106 82 1 1 0 1  
67 73 71 105 106 97 1 0 0 0  
 
 
108 112 115 132 136 135 140 142 128 134  
121 106 114 130 133 125 134 129 154 139  
124 133 110 132 145 130 131 148 148 142  
97 111 111 126 115 138 128 111 125 121  
109 100 119 136 144 148 113 4 5 155  
88 99 108 111 108 112 59 4 5 74  
90 83 81 110 121 101 34 4 5 43  
61 71 94 104 105 29 27 2 2 7  
61 65 76 95 105 80 2 1 0 1  
66 73 71 103 105 94 2 0 0 1  
 
 
109 118 113 130 134 132 137 139 126 130  
124 112 116 134 137 129 138 131 157 141  
129 140 113 131 143 126 128 144 143 137  
102 122 113 135 121 142 134 129 142 124  
114 110 125 143 149 150 134 153 135 151  
97 112 115 119 115 116 131 125 139 114  
96 96 90 122 131 120 135 130 130 113  
71 81 104 114 115 138 125 121 143 127  
69 70 85 110 119 117 130 121 116 115  
73 82 79 117 118 128 128 135 135 114  
 
 
105 119 122 140 142 142 146 147 135 138  
118 115 125 134 136 129 138 130 157 142  
124 143 121 123 135 119 121 137 135 130  
98 125 124 147 131 152 145 139 153 134  
110 112 137 137 137 139 123 143 127 142  
94 115 125 130 123 124 139 134 149 128  
96 98 100 125 135 119 136 130 132 129  
79 88 103 114 113 133 122 115 139 128  
77 71 96 122 129 127 139 128 126 135  
79 90 87 115 116 126 121 126 128 132  
 
 
110 109 128 145 150 147 153 154 142 148  
129 104 129 124 127 119 127 121 147 134  
129 127 126 135 147 130 132 149 148 146  
100 104 114 137 126 148 138 133 147 131  
32 27 113 132 139 141 125 145 128 148  
28 25 64 127 122 128 147 141 157 136  
25 16 37 101 121 108 126 122 123 122  
9 8 20 47 115 145 130 127 151 141  
9 6 9 40 119 119 133 123 118 133  
8 7 7 28 111 124 123 127 131 135  
 
 
111 107 128 146 151 151 154 156 143 149  
128 103 129 127 126 119 127 120 147 134  
131 128 124 136 148 131 132 150 148 146  
102 5 4 136 127 147 139 134 148 132  
113 2 34 126 142 141 126 144 129 148  
77 2 5 115 120 129 147 141 156 137  
53 3 3 89 119 109 128 122 123 123  
0 0 0 20 118 146 131 123 151 139  
0 0 0 8 118 121 135 123 119 133  
0 0 0 6 113 128 124 129 130 135  
 
 
109 115 113 131 135 136 137 140 129 134  
123 110 116 135 138 129 138 132 158 146  
128 140 112 132 145 128 131 146 146 144  
99 4 4 134 123 143 136 130 144 127  
111 2 34 134 153 153 134 155 138 158  
76 3 5 96 108 115 133 127 141 124  
55 2 3 89 125 119 138 131 134 130  
0 0 0 21 113 141 128 120 148 135  
0 0 0 6 115 121 131 122 117 130  
0 0 0 7 118 135 131 137 141 144  
 
 
113 110 129 145 150 148 154 154 142 146  
130 106 129 124 126 119 128 121 146 131  
133 132 126 135 146 130 132 149 147 142  
107 115 129 139 125 145 138 132 146 129  
121 104 141 137 140 140 125 144 128 143  
103 107 129 136 130 130 145 140 156 134  
104 91 103 117 125 113 127 122 124 121  
75 85 105 123 121 144 131 126 150 137  
73 72 91 117 122 120 134 124 120 131  
76 86 83 117 116 124 123 128 130 132  
 
 
115 109 128 145 150 148 153 153 141 144  
130 105 129 124 125 118 126 120 143 128  
135 133 126 133 145 128 128 144 142 137  
107 114 126 135 120 140 132 127 139 124  
118 99 134 132 133 134 121 138 125 141  
98 101 120 127 122 124 141 138 155 133  
99 87 97 112 120 110 127 123 124 123  
74 83 101 120 121 147 135 129 155 142  
71 70 87 115 122 122 136 126 121 133  
74 82 80 114 114 125 124 129 131 132  
 
 
1 2 4 11 13 7 120 138 127 130  
1 0 2 5 5 5 102 133 161 144  
1 1 3 9 15 19 118 141 139 133  
3 4 39 114 115 145 139 133 147 129  
9 12 30 124 148 149 132 154 137 155  
94 117 117 123 117 119 137 131 147 126  
103 100 92 131 143 128 145 141 142 139  
84 92 114 119 117 142 129 123 148 136  
80 78 94 118 126 124 137 128 124 135  
81 89 85 119 121 133 131 135 138 140  
 
 
0 1 4 32 16 9 136 153 138 142  
0 0 0 4 3 3 41 122 148 133  
0 0 1 4 3 5 123 146 144 141  
0 0 2 110 124 152 143 137 150 132  
1 6 27 130 137 136 122 140 126 141  
97 109 132 139 130 133 150 144 161 139  
107 94 98 122 131 117 134 129 132 128  
85 95 106 124 121 147 135 128 154 141  
80 74 95 119 128 126 141 131 127 138  
80 89 85 113 113 124 121 126 129 129  
 
 
2 1 4 11 13 10 30 153 138 144  
0 1 3 6 7 6 77 122 149 134  
1 1 3 9 19 21 122 147 145 139  
1 2 11 83 113 149 142 137 150 131  
8 11 88 131 136 139 122 142 126 142  
101 111 134 140 132 137 152 145 162 140  
112 98 101 126 133 119 136 128 133 128  
89 98 109 127 125 149 136 131 155 140  
84 76 99 123 130 128 142 137 128 137  
83 93 88 116 116 125 123 127 129 130  
 
 
112 120 114 129 133 132 134 136 125 130  
129 115 116 131 132 124 132 126 153 138  
131 141 112 124 132 118 120 136 136 135  
103 121 110 126 114 133 126 122 137 123  
113 107 123 137 141 141 128 147 134 153  
99 115 117 120 115 117 132 127 142 124  
106 103 95 132 139 126 141 137 139 137  
85 95 120 126 122 145 132 125 150 139  
84 84 94 118 125 124 137 126 123 133  
83 90 84 125 126 137 134 138 142 144  
 
 
111 123 114 131 134 134 138 138 127 131  
126 121 119 138 140 131 142 134 161 144  
134 152 117 126 138 122 123 140 138 134  
109 135 119 140 126 145 139 133 145 128  
125 123 132 146 146 146 131 150 134 150  
106 127 124 125 117 117 133 127 142 122  
110 110 99 133 138 123 139 136 136 134  
89 97 116 120 116 136 124 120 144 131  
88 84 101 123 128 123 136 127 124 134  
90 99 93 127 124 131 128 135 139 140  
 
 
109 116 111 123 129 127 134 136 38 30  
125 113 111 126 130 120 133 128 147 37  
129 141 111 123 134 120 121 140 139 115  
106 124 112 130 113 134 127 124 139 96  
121 114 125 139 137 137 123 142 128 147  
103 117 116 117 107 108 123 118 134 117  
105 100 90 121 124 112 125 123 125 124  
80 89 110 113 109 127 115 112 136 126  
79 79 94 114 119 112 122 114 112 124  
82 92 86 125 122 126 121 125 129 131  
 
 
106 108 117 130 125 4 15 81 4 11  
120 104 119 117 14 2 3 3 3 2  
127 133 116 118 121 5 3 2 1 1  
102 117 120 134 115 136 115 2 2 2  
117 105 133 123 123 125 107 126 19 6  
97 108 123 123 117 116 134 129 142 122  
100 91 95 116 123 109 126 121 125 122  
77 87 100 117 116 137 125 119 148 136  
75 70 94 122 131 130 139 131 128 142  
78 88 85 115 117 123 120 126 129 134  
 
 
109 105 118 131 124 4 15 84 3 11  
124 102 121 114 37 1 4 3 3 1  
131 129 119 121 125 4 3 5 0 1  
105 115 126 130 112 132 110 2 1 1  
121 103 136 126 124 127 109 127 18 6  
100 107 125 125 118 119 134 130 142 123  
103 89 97 114 121 107 123 118 122 120  
77 86 103 121 119 139 127 121 151 138  
76 72 94 121 127 125 137 128 126 138  
77 86 85 118 120 126 121 128 131 135  
 
 
108 106 118 131 114 3 13 62 3 10  
124 101 121 114 78 2 5 3 2 0  
131 129 119 120 127 6 3 9 1 1  
101 113 123 131 112 132 94 1 2 1  
120 102 135 126 125 128 108 129 20 6  
102 106 125 126 119 119 134 131 143 124  
103 88 97 114 120 107 121 117 120 119  
76 85 103 120 119 139 128 121 152 138  
74 72 92 120 127 124 136 128 125 139  
77 87 83 118 121 126 123 129 132 137  
 
 
111 104 116 129 76 16 19 64 9 16  
126 101 119 112 61 8 8 7 6 4  
133 127 117 123 114 18 12 13 4 4  
107 112 120 126 108 125 100 10 8 4  
123 101 134 130 129 128 109 128 41 25  
103 105 122 123 114 115 130 124 139 118  
107 89 97 113 119 105 119 115 117 116  
75 84 106 121 120 139 127 121 149 137  
73 74 91 117 123 119 128 122 121 132  
75 86 83 122 123 130 126 132 136 141  
 
 
106 122 116 134 137 137 141 143 133 138  
121 118 119 136 139 133 141 138 164 149  
128 148 116 123 134 118 122 138 139 135  
104 130 120 137 125 146 139 135 150 131  
119 117 132 138 137 139 127 148 134 151  
100 122 122 122 113 115 132 130 146 128  
103 105 97 125 129 116 134 131 137 135  
85 93 109 113 109 126 118 114 143 132  
84 79 96 119 122 117 126 122 122 136  
88 97 91 119 115 119 116 123 129 138  
 
 
101 114 108 128 134 137 141 142 132 137  
117 110 112 129 137 132 141 135 163 148  
124 141 109 118 132 118 122 139 139 138  
99 122 114 133 123 148 140 134 151 133  
115 108 116 131 137 142 126 145 132 154  
89 93 74 106 107 113 133 129 145 129  
89 63 35 79 97 104 137 131 137 136  
66 45 25 22 25 57 95 112 142 129  
64 34 22 23 26 51 109 125 120 136  
65 41 19 23 25 58 109 130 132 139  
 
 
105 123 117 124 138 34 137 144 132 137  
120 116 120 22 131 7 113 125 163 150  
127 147 117 17 110 14 22 125 136 136  
101 131 120 22 74 22 20 114 30 132  
76 102 132 24 24 52 21 20 121 152  
88 6 108 16 1 1 5 19 145 129  
93 12 10 4 1 0 1 129 138 137  
78 82 1 0 0 0 1 116 144 132  
74 71 14 1 1 0 27 128 123 138  
77 87 77 6 5 4 118 132 134 141  
 
 
115 109 125 127 146 34 150 151 138 146  
134 104 126 14 122 4 118 113 146 134  
139 134 125 19 119 15 24 142 152 149  
111 116 126 21 68 25 15 117 13 126  
49 94 138 21 20 56 17 20 122 152  
98 3 111 16 0 1 4 24 155 134  
101 11 9 4 1 0 1 118 125 124  
72 78 1 0 0 0 0 128 158 146  
71 73 14 2 1 0 26 122 116 133  
74 83 74 7 3 3 120 131 136 140  
 
 
104 119 121 127 142 31 146 148 134 141  
122 113 123 14 133 5 127 122 159 146  
127 144 121 16 110 12 19 130 138 134  
100 126 124 23 71 29 14 124 15 134  
43 99 136 21 18 55 19 19 120 147  
90 5 112 15 2 0 5 21 151 132  
95 13 9 3 1 0 2 126 135 133  
78 85 0 1 2 0 2 116 145 132  
77 71 15 2 1 1 31 132 126 142  
79 90 80 6 4 2 115 126 131 135  
 
 
110 117 113 121 94 49 41 38 47 65  
126 112 113 126 97 48 35 32 50 69  
132 144 112 122 104 53 30 33 39 70  
107 126 115 130 91 66 30 28 33 63  
124 114 126 136 116 79 30 31 32 80  
102 118 116 114 96 67 39 24 33 65  
107 100 90 118 118 80 50 23 32 72  
84 94 115 114 103 122 95 58 28 29  
85 86 98 113 113 107 109 68 27 25  
88 99 90 121 114 117 111 82 36 28  
 
 
101 114 107 122 126 126 128 130 121 123  
116 109 110 127 128 122 129 124 148 132  
121 137 108 113 127 111 113 131 127 123  
96 121 109 128 115 132 125 120 134 119  
106 105 119 128 127 128 114 132 120 135  
89 106 109 113 105 105 119 116 131 114  
89 90 87 120 126 113 128 125 128 127  
73 84 106 115 113 132 121 116 144 132  
74 72 93 122 128 123 135 126 124 134  
78 87 86 124 123 131 127 132 130 117  
 
 
108 103 118 137 139 140 147 150 140 145  
125 98 119 116 118 113 120 117 143 131  
126 123 116 124 136 119 121 139 140 138  
99 107 116 125 112 129 122 120 132 115  
110 93 125 124 125 126 111 130 117 132  
91 95 112 117 109 111 125 123 137 119  
91 81 92 105 112 103 114 111 114 115  
69 78 98 112 112 130 120 119 140 129  
68 68 86 109 114 110 119 111 110 121  
71 81 80 116 116 123 117 121 123 125 